Maturity	Coupon	Bid	Asked	Chg	Asked yield
3/15/2025	1.750	99.3060	99.3160	0.0000	4.5910
3/31/2025	0.500	99.2700	99.2800	0.0080	3.7790
3/31/2025	2.625	99.2920	99.3020	0.0020	4.0380
3/31/2025	3.375	99.3060	99.3160	0.0020	4.044
4/15/2025	2.625	99.2720	99.2820	0.0020	4.091
4/30/2025	0.375	99.1640	99.1740	0.0140	4.148
4/30/2025	2.875	99.2600	99.2700	0.0040	4.154
4/30/2025	3.875	99.2960	99.3060	unch.	4.170
5/15/2025	2.125	99.2020	99.2120	0.0020	4.200
5/15/2025	2.750	99.2340	99.2440	-0.0020	4.188
5/31/2025	0.250	99.0460	99.0560	0.0120	4.290
5/31/2025	2.875	99.2160	99.2260	0.0060	4.281
5/31/2025	4.250	99.3040	99.3140	unch.	4.300
6/15/2025	2.875	99.2000	99.2100	0.0080	4.272
6/30/2025	0.250	98.2640	98.2740	0.0100	4.247
6/30/2025	2.750	99.1760	99.1860	0.0020	4.189
6/30/2025	4.625	100.0220	100.0320	-0.0080	4.248
7/15/2025	3.000	99.1800	99.1900	0.0040	4.236
7/31/2025	0.250	98.1640	98.1740	0.0140	4.188
7/31/2025	2.875	99.1460	99.1560	0.0060	4.244
7/31/2025	4.750	100.0520	100.0620	-0.0020	4.208
8/15/2025	2.000	99.0200	99.0300	0.0140	4.211
8/15/2025	3.125	99.1620	99.1720	0.0020	4.246
8/15/2025	6.875	101.0640	101.0740	-0.0060	3.852
8/31/2025	0.250	98.0600	98.0700	0.0080	4.255
8/31/2025	2.750	99.0960	99.1060	unch.	4.240
8/31/2025	5.000	100.0960	100.1060	-0.0080	4.240
9/15/2025	3.500	99.1960	99.2060	-0.0040	4.225
9/30/2025	0.250	97.2760	97.2860	0.0020	4.239
9/30/2025	3.000	99.1040	99.1140	-0.0020	4.214
9/30/2025	5.000	100.1260	100.1360	-0.0040	4.181
10/15/2025	4.250	100.0040	100.0140	unch.	4.162
10/31/2025	0.250	97.1860	97.1960	0.0100	4.173
10/31/2025	3.000	99.0820	99.0920	-0.0040	4.166
10/31/2025	5.000	100.1440	100.1540	-0.0060	4.194
11/15/2025	2.250	98.2320	98.2420	-0.0020	4.165
11/15/2025	4.500	100.0600	100.0700	-0.0020	4.154
11/30/2025	0.375	97.1140	97.1240	0.0100	4.163
11/30/2025	2.875	99.0200	99.0300	unch.	4.186
11/30/2025	4.875	100.1440	100.1540	-0.0020	4.163
12/15/2025	4.000	99.2740	99.2840	-0.0120	4.143
12/31/2025	0.375	97.0300	97.0400	0.0160	4.110
12/31/2025	2.625	98.2540	98.2640	-0.0080	4.144
12/31/2025	4.250	100.0220	100.0320	0.0020	4.111
1/15/2026	3.875	99.2440	99.2540	-0.0120	4.121
1/31/2026	0.375	96.2460	96.2560	0.0060	4.127
1/31/2026	2.625	98.2220	98.2320	0.0020	4.118
1/31/2026	4.250	100.0260	100.0360	unch.	4.108
2/15/2026	1.625	97.2320	97.2420	-0.0040	4.140
2/15/2026	4.000	99.2760	99.2860	-0.0060	4.111
2/15/2026	6.000	101.2200	101.2300	-0.0240	4.067
2/28/2026	0.500	96.1940	96.2040	0.0020	4.128
2/28/2026	2.500	98.1460	98.1560	-0.0040	4.127
2/28/2026	4.625	100.1400	100.1500	-0.0040	4.117
3/15/2026	4.625	100.1540	100.1640	unch.	4.090
3/31/2026	0.750	96.1960	96.2060	-0.0040	4.079
3/31/2026	2.250	98.0400	98.0500	-0.0060	4.081
3/31/2026	4.500	100.1220	100.1320	-0.0080	4.087
4/15/2026	3.750	99.2020	99.2120	-0.0100	4.069
4/30/2026	0.750	96.1160	96.1260	unch.	4.067
4/30/2026	2.375	98.0440	98.0540	-0.0060	4.057
4/30/2026	4.875	100.2640	100.2740	-0.0120	4.079
5/15/2026	1.625	97.0660	97.0760	-0.0140	4.075
5/15/2026	3.625	99.1500	99.1600	-0.0060	4.066
5/31/2026	0.750	96.0320	96.0420	unch.	4.068
5/31/2026	2.125	97.2200	97.2300	-0.0060	4.080
5/31/2026	4.875	100.2840	100.2940	-0.0200	4.079
6/15/2026	4.125	100.0160	100.0260	-0.0140	4.049
6/30/2026	0.875	96.0040	96.0140	-0.0020	4.050
6/30/2026	1.875	97.0800	97.0900	-0.0040	4.058
6/30/2026	4.625	100.2060	100.2160	-0.0240	4.074
7/15/2026	4.500	100.1800	100.1900	-0.0120	4.034
7/31/2026	0.625	95.1400	95.1500	-0.0060	4.044
7/31/2026	1.875	97.0240	97.0340	-0.0180	4.055
7/31/2026	4.375	100.1260	100.1360	-0.0160	4.048
8/15/2026	1.500	96.1620	96.1720	-0.0100	4.037
8/15/2026	4.375	100.1320	100.1420	-0.0180	4.046
8/15/2026	6.750	103.2260	103.2360	-0.0380	4.004
8/31/2026	0.750	95.1120	95.1220	-0.0120	4.052
8/31/2026	1.375	96.0720	96.0820	-0.0140	4.051
8/31/2026	3.750	99.1720	99.1820	-0.0220	4.056
9/15/2026	4.625	100.2600	100.2700	-0.0200	4.037
9/30/2026	0.875	95.0940	95.1040	-0.0160	4.037
9/30/2026	1.625	96.1320	96.1420	-0.0140	4.031
9/30/2026	3.500	99.0540	99.0640	-0.0220	4.039
10/15/2026	4.625	100.2800	100.2900	-0.0220	4.025
10/31/2026	1.125	95.1420	95.1520	-0.0140	4.034
10/31/2026	1.625	96.0740	96.0840	-0.0180	4.026
10/31/2026	4.125	100.0340	100.0440	-0.0200	4.032
11/15/2026	2.000	96.2340	96.2440	-0.0280	4.029
11/15/2026	4.625	100.2920	100.3020	-0.0240	4.028
11/15/2026	6.500	104.1060	104.1160	-0.0340	3.762
11/30/2026	1.250	95.1420	95.1520	-0.0140	4.019
11/30/2026	1.625	96.0160	96.0260	-0.0240	4.021
11/30/2026	4.250	100.1020	100.1120	-0.0300	4.032
12/15/2026	4.375	100.1740	100.1840	-0.0300	4.026
12/31/2026	1.250	95.0660	95.0760	-0.0260	4.031
12/31/2026	1.750	96.0300	96.0400	-0.0240	4.014
12/31/2026	4.250	100.1120	100.1220	-0.0300	4.023
1/15/2027	4.000	99.3000	99.3100	-0.7160	4.015
1/31/2027	1.500	95.1500	95.1600	-0.0320	4.014
1/31/2027	4.125	100.0500	100.0600	-0.0340	4.018
2/15/2027	2.250	96.2360	96.2460	-0.0300	4.015
2/15/2027	4.125	100.0560	100.0660	-0.0380	4.008
2/15/2027	6.625	105.0260	105.0360	-0.0460	3.829
2/28/2027	1.125	94.1860	94.1960	-0.0340	4.017
2/28/2027	1.875	95.3140	96.0040	-0.7120	4.015
2/28/2027	4.125	100.0600	100.0700	-0.0400	4.007
3/15/2027	4.250	100.1360	100.1460	-0.0400	4.007
3/31/2027	0.625	93.1300	93.1400	-0.0360	4.010
3/31/2027	2.500	97.0220	97.0320	-0.0340	3.994
4/15/2027	4.500	100.3020	100.3120	-0.7220	4.004
4/30/2027	0.500	92.2860	92.2960	-0.7180	4.009
4/30/2027	2.750	97.1400	97.1500	-0.0400	4.005
5/15/2027	2.375	96.1940	96.2040	-0.0360	4.011
5/15/2027	4.500	100.3120	101.0020	-0.7220	4.007
5/31/2027	0.500	92.2000	92.2100	-0.0360	4.011
5/31/2027	2.625	97.0240	97.0340	-0.0380	4.006
6/15/2027	4.625	101.0940	101.1040	-0.0480	3.998
6/30/2027	0.500	92.1240	92.1340	-0.0360	3.995
6/30/2027	3.250	98.1240	98.1340	-0.0400	3.976
7/15/2027	4.375	100.2540	100.2640	-0.0480	3.997
7/31/2027	0.375	91.2660	91.2760	-0.0360	3.997
7/31/2027	2.750	97.0500	97.0600	-0.0360	4.002
8/15/2027	2.250	96.0020	96.0120	-0.0400	3.984
8/15/2027	3.750	99.1300	99.1400	-0.0420	3.995
8/15/2027	6.375	105.1300	105.1400	-0.0520	3.991
8/31/2027	0.500	91.2720	91.2820	-0.0380	4.006
8/31/2027	3.125	97.2940	97.3040	-0.7260	4.009
9/15/2027	3.375	98.1620	98.1720	-0.0480	3.996
9/30/2027	0.375	91.1000	91.1100	-0.0340	3.995
9/30/2027	4.125	100.0940	100.1040	-0.0520	3.987
10/15/2027	3.875	99.2100	99.2200	-0.0460	4.003
10/31/2027	0.500	91.1040	91.1140	-0.0380	4.005
10/31/2027	4.125	100.0860	100.0960	-0.0500	4.000
11/15/2027	2.250	95.1840	95.1940	-0.0420	4.004
11/15/2027	4.125	100.0860	100.0960	-0.0480	4.001
11/15/2027	6.125	105.1040	105.1140	-0.0580	3.981
11/30/2027	0.625	91.1200	91.1300	-0.0400	4.007
11/30/2027	3.875	99.2020	99.2120	-0.0520	4.005
12/15/2027	4.000	99.3140	100.0040	-0.7320	3.992
12/31/2027	0.625	91.0400	91.0500	-0.0420	4.007
12/31/2027	3.875	99.2060	99.2160	-0.0540	3.996
1/15/2028	4.250	100.1970	100.2070	-0.0540	4.002
1/31/2028	0.750	91.0700	91.0800	-0.0360	4.001
1/31/2028	3.500	98.1900	98.2000	-0.0520	4.010
2/15/2028	2.750	96.1800	96.1900	-0.0460	3.998
2/15/2028	4.250	100.2110	100.2210	-0.0540	3.995
2/29/2028	1.125	92.0020	92.0120	-0.0440	4.010
2/29/2028	4.000	99.3020	99.3120	-0.7320	4.008
3/15/2028	3.875	99.2020	99.2120	-0.0540	3.995
3/31/2028	1.250	92.0500	92.0640	-0.0400	4.001
3/31/2028	3.625	98.2820	98.2960	-0.7340	4.002
4/30/2028	1.250	91.2920	91.3060	-0.7280	4.015
4/30/2028	3.500	98.1420	98.1560	-0.0600	4.018
5/15/2028	2.875	96.1820	96.1960	-0.0540	4.024
5/31/2028	1.250	91.2220	91.2360	-0.0420	4.021
5/31/2028	3.625	98.2460	98.2620	-0.0580	4.019
6/30/2028	1.250	91.1560	91.1720	-0.0480	4.021
6/30/2028	4.000	99.2940	99.3100	-0.7380	4.009
7/31/2028	1.000	90.1560	90.1720	-0.0480	4.025
7/31/2028	4.125	100.0900	100.1040	-0.0600	4.019
8/15/2028	2.875	96.1040	96.1200	-0.0520	4.020
8/15/2028	5.500	104.2640	104.2800	-0.7460	3.959
8/31/2028	1.125	90.2160	90.2320	-0.0480	4.028
8/31/2028	4.375	101.0120	101.0260	-0.0620	4.034
9/30/2028	1.250	90.2740	90.2900	-0.7280	4.033
9/30/2028	4.625	101.2860	101.3020	-0.7440	4.029
10/31/2028	1.375	91.0240	91.0400	-0.0480	4.033
10/31/2028	4.875	102.2420	102.2560	-0.0580	4.034
11/15/2028	3.125	96.2800	96.2940	-0.7360	4.036
11/15/2028	5.250	103.3100	104.0040	-0.7460	4.057
11/30/2028	1.500	91.0840	91.1000	-0.0620	4.047
11/30/2028	4.375	101.0300	101.0440	-0.0600	4.039
12/31/2028	1.375	90.2000	90.2140	-0.0540	4.054
12/31/2028	3.750	98.2900	98.3040	-0.7440	4.049
1/31/2029	1.750	91.2400	91.2540	-0.0600	4.058
1/31/2029	4.000	99.2500	99.2640	-0.0620	4.047
2/15/2029	2.625	94.2620	94.2760	-0.7420	4.055
2/15/2029	5.250	104.1860	104.2020	-0.0740	3.961
2/28/2029	1.875	92.0200	92.0340	-0.0540	4.055
2/28/2029	4.250	100.2140	100.2300	-0.0660	4.051
3/31/2029	2.375	93.2320	93.2460	-0.0580	4.062
3/31/2029	4.125	100.0600	100.0740	-0.0720	4.061
4/30/2029	2.875	95.1560	95.1720	-0.0640	4.061
4/30/2029	4.625	102.0300	102.0440	-0.0640	4.055
5/15/2029	2.375	93.1800	93.1940	-0.0560	4.058
5/31/2029	2.750	94.2940	94.3100	-0.7480	4.063
5/31/2029	4.500	101.2040	101.2200	-0.0700	4.058
6/30/2029	3.250	96.2440	96.2600	-0.0600	4.066
6/30/2029	4.250	100.2060	100.2220	-0.0760	4.070
7/31/2029	2.625	94.0760	94.0920	-0.0600	4.062
7/31/2029	4.000	99.2160	99.2320	-0.0760	4.068
8/15/2029	1.625	90.0940	90.1100	-0.0560	4.033
8/15/2029	6.125	108.0660	108.0820	-0.0800	4.063
8/31/2029	3.125	96.0400	96.0540	-0.0640	4.073
8/31/2029	3.625	98.0600	98.0740	-0.0640	4.062
9/30/2029	3.500	97.1920	97.2060	-0.0680	4.072
9/30/2029	3.875	99.0400	99.0540	-0.0640	4.076
10/31/2029	4.000	99.1920	99.2060	-0.0780	4.083
10/31/2029	4.125	100.0500	100.0640	-0.0720	4.075
11/15/2029	1.750	90.0920	90.1060	-0.0540	4.044
11/30/2029	3.875	99.0240	99.0400	-0.0660	4.080
11/30/2029	4.125	100.0540	100.0700	-0.0760	4.072
12/31/2029	3.875	99.0140	99.0300	-0.0700	4.084
12/31/2029	4.375	101.0720	101.0860	-0.0700	4.078
1/31/2030	3.500	97.1220	97.1360	-0.0640	4.086
1/31/2030	4.250	100.2200	100.2340	-0.0730	4.081
2/15/2030	1.500	88.1700	88.1840	-0.0600	4.087
2/28/2030	4.000	99.1950	99.2110	-0.0770	4.076
3/31/2030	3.625	97.2600	97.2740	-0.7520	4.099
4/30/2030	3.500	97.0640	97.0800	-0.0660	4.100
5/15/2030	0.625	83.2740	83.2900	-0.7520	4.117
5/15/2030	6.250	109.2720	109.2860	-0.7620	4.102
5/31/2030	3.750	98.0860	98.1020	-0.0760	4.111
6/30/2030	3.750	98.0720	98.0860	-0.0780	4.116
7/31/2030	4.000	99.1260	99.1420	-0.0740	4.115
8/15/2030	0.625	83.0360	83.0520	-0.0600	4.125
8/31/2030	4.125	99.3020	99.3160	-0.7580	4.126
9/30/2030	4.625	102.1300	102.1440	-0.0740	4.125
10/31/2030	4.875	103.2020	103.2160	-0.0900	4.134
11/15/2030	0.875	83.2040	83.2200	-0.0720	4.135
11/30/2030	4.375	101.0520	101.0660	-0.0780	4.134
12/31/2030	3.750	97.3020	97.3160	-0.7520	4.143
1/31/2031	4.000	99.0560	99.0720	-0.0780	4.149
2/15/2031	1.125	84.1240	84.1400	-0.0600	4.115
2/15/2031	5.375	106.1000	106.1140	-0.0920	4.151
2/28/2031	4.250	100.1500	100.1640	-0.0800	4.151
3/31/2031	4.125	99.2540	99.2700	-0.7520	4.154
4/30/2031	4.625	102.1440	102.1600	-0.0820	4.157
5/15/2031	1.625	86.0960	86.1120	-0.0640	4.158
5/31/2031	4.625	102.1440	102.1600	-0.0820	4.163
6/30/2031	4.250	100.1300	100.1440	-0.0820	4.166
7/31/2031	4.125	99.2260	99.2420	-0.0760	4.168
8/15/2031	1.250	83.1860	83.2020	-0.0700	4.185
8/31/2031	3.750	97.1740	97.1900	-0.0800	4.179
9/30/2031	3.625	96.2560	96.2720	-0.7600	4.180
10/31/2031	4.125	99.2000	99.2140	-0.0760	4.182
11/15/2031	1.375	83.2200	83.2340	-0.0660	4.199
11/30/2031	4.125	99.1820	99.1960	-0.0880	4.190
12/31/2031	4.500	101.2530	101.2670	-0.7640	4.185
1/31/2032	4.375	101.0060	101.0220	-0.1000	4.193
2/15/2032	1.875	86.0220	86.0360	-0.0680	4.209
2/29/2032	4.125	99.1700	99.1840	-0.0850	4.195
5/15/2032	2.875	91.2360	91.2560	-0.7660	4.212
8/15/2032	2.750	90.2060	90.2260	-0.0860	4.221
11/15/2032	4.125	99.1120	99.1320	-0.0880	4.215
2/15/2033	3.500	95.0060	95.0260	-0.0800	4.237
5/15/2033	3.375	93.3000	94.0000	-0.7620	4.252
8/15/2033	3.875	97.0720	97.0920	-0.0800	4.261
11/15/2033	4.500	101.1900	101.2100	-0.0900	4.269
2/15/2034	4.000	97.2660	97.2860	-0.7680	4.286
5/15/2034	4.375	100.1820	100.2020	-0.0900	4.290
8/15/2034	3.875	96.2200	96.2400	-0.0800	4.298
11/15/2034	4.250	99.1640	99.1840	-0.0820	4.303
2/15/2035	4.625	102.1620	102.1820	-0.0820	4.303
2/15/2036	4.500	102.0640	102.0840	-0.0900	4.238
2/15/2037	4.750	104.0240	104.0440	-0.0860	4.302
5/15/2037	5.000	106.0700	106.0900	-0.0860	4.330
2/15/2038	4.375	99.2720	99.2920	-0.7620	4.383
5/15/2038	4.500	101.0320	101.0520	-0.0900	4.382
2/15/2039	3.500	90.1140	90.1340	-0.0820	4.429
5/15/2039	4.250	97.2140	97.2340	-0.0900	4.467
8/15/2039	4.500	100.0420	100.0620	-0.0980	4.481
11/15/2039	4.375	98.1940	98.2140	-0.0800	4.499
2/15/2040	4.625	101.0520	101.0720	-0.0900	4.511
5/15/2040	1.125	62.2060	62.2260	-0.0480	4.558
5/15/2040	4.375	98.1320	98.1520	-0.0900	4.514
8/15/2040	1.125	62.0220	62.0420	-0.0440	4.575
8/15/2040	3.875	92.2260	92.2460	-0.0860	4.531
11/15/2040	1.375	64.1040	64.1240	-0.0560	4.587
11/15/2040	4.250	96.2060	96.2260	-0.1000	4.545
2/15/2041	1.875	69.1760	69.1960	-0.0640	4.585
2/15/2041	4.750	102.0800	102.1000	-0.0960	4.544
5/15/2041	2.250	73.1400	73.1600	-0.0520	4.590
5/15/2041	4.375	97.2720	97.2920	-0.7740	4.558
8/15/2041	1.750	67.0460	67.0660	-0.0600	4.622
8/15/2041	3.750	90.1600	90.1800	-0.0820	4.573
11/15/2041	3.125	82.2940	82.3140	-0.7600	4.598
11/30/2041	2.000	69.1920	69.2120	-0.0580	4.633
2/15/2042	2.375	73.1960	73.2160	-0.0600	4.637
2/15/2042	3.125	82.1920	82.2120	-0.0820	4.612
5/15/2042	3.000	80.2620	80.2820	-0.7540	4.626
5/15/2042	3.250	83.2640	83.2840	-0.7500	4.619
8/15/2042	2.750	77.1460	77.1660	-0.0680	4.646
8/15/2042	3.375	85.0200	85.0400	-0.0740	4.628
11/15/2042	2.750	77.0500	77.0700	-0.0720	4.656
11/15/2042	4.000	92.1900	92.2100	-0.0640	4.612
2/15/2043	3.125	81.1340	81.1540	-0.0700	4.660
2/15/2043	3.875	90.2820	90.3020	-0.7400	4.624
5/15/2043	2.875	78.0440	78.0640	-0.0600	4.668
5/15/2043	3.875	90.2140	90.2340	-0.0660	4.635
8/15/2043	3.625	87.0840	87.1040	-0.0660	4.657
8/15/2043	4.375	96.2640	96.2840	-0.7400	4.627
11/15/2043	3.750	88.2000	88.2200	-0.0600	4.664
11/15/2043	4.750	101.1540	101.1740	-0.0720	4.625
2/15/2044	3.625	86.2740	86.2940	-0.7500	4.674
2/15/2044	4.500	98.0320	98.0520	-0.0740	4.647
5/15/2044	3.375	83.1560	83.1760	-0.0680	4.684
5/15/2044	4.625	99.2060	99.2260	-0.0660	4.647
8/15/2044	3.125	80.0160	80.0360	-0.0660	4.697
8/15/2044	4.125	93.0200	93.0400	-0.0740	4.667
11/15/2044	3.000	78.0600	78.0800	-0.0540	4.708
11/15/2044	4.625	99.1610	99.1810	-0.0600	4.658
2/15/2045	2.500	71.1660	71.1860	-0.0580	4.715
2/15/2045	4.750	101.1020	101.1220	-0.0820	4.643
5/15/2045	3.000	77.2560	77.2760	-0.0580	4.712
8/15/2045	2.875	75.3160	76.0160	-0.7360	4.714
11/15/2045	3.000	77.1440	77.1640	-0.0620	4.714
2/15/2046	2.500	70.1640	70.1840	-0.0660	4.731
5/15/2046	2.500	70.0860	70.1060	-0.0600	4.734
8/15/2046	2.250	66.2140	66.2340	-0.0480	4.739
11/15/2046	2.875	74.3040	75.0040	-0.7380	4.731
2/15/2047	3.000	76.1320	76.1520	-0.0520	4.736
5/15/2047	3.000	76.0700	76.0900	-0.0620	4.740
8/15/2047	2.750	72.1760	72.1960	-0.0640	4.748
11/15/2047	2.750	72.1240	72.1440	-0.0520	4.747
2/15/2048	3.000	75.2220	75.2420	-0.0580	4.747
5/15/2048	3.125	77.0860	77.1060	-0.0580	4.748
8/15/2048	3.000	75.1140	75.1340	-0.0660	4.750
11/15/2048	3.375	80.1760	80.1960	-0.0560	4.747
2/15/2049	3.000	75.0360	75.0560	-0.0540	4.747
5/15/2049	2.875	73.0560	73.0760	-0.0580	4.748
8/15/2049	2.250	64.0060	64.0260	-0.0500	4.751
11/15/2049	2.375	65.2140	65.2340	-0.0520	4.747
2/15/2050	2.000	60.0220	60.0420	-0.0480	4.745
5/15/2050	1.250	49.0600	49.0800	-0.0320	4.716
8/15/2050	1.375	50.1740	50.1940	-0.0420	4.738
11/15/2050	1.625	54.0040	54.0240	-0.0400	4.735
2/15/2051	1.875	57.1740	57.1940	-0.0600	4.730
5/15/2051	2.375	64.2920	64.3120	-0.7380	4.720
8/15/2051	2.000	59.0340	59.0540	-0.0480	4.720
11/15/2051	1.875	57.0240	57.0440	-0.0480	4.716
2/15/2052	2.250	62.2020	62.2220	-0.0620	4.709
5/15/2052	2.875	72.0400	72.0600	-0.0620	4.698
8/15/2052	3.000	73.3160	74.0160	-0.7500	4.691
11/15/2052	4.000	89.2020	89.2220	-0.0700	4.667
2/15/2053	3.625	83.2300	83.2500	-0.0740	4.670
5/15/2053	3.625	83.2260	83.2460	-0.0660	4.666
8/15/2053	4.125	91.1900	91.2100	-0.0720	4.657
11/15/2053	4.750	101.2160	101.2360	-0.0680	4.639
2/15/2054	4.250	93.2420	93.2620	-0.0540	4.640
5/15/2054	4.625	99.2600	99.2800	-0.7440	4.632
8/15/2054	4.250	93.2940	93.3140	-0.7380	4.626
11/15/2054	4.500	98.0110	98.0310	-0.0600	4.618
2/15/2055	4.625	100.0640	100.0840	-0.0600	4.608